Date,Open,High,Low,Close,Volume
2020-01-02,4.03,4.08,3.92,3.92,21722000
2020-01-03,3.92,4.14,3.92,4.07,41665000
2020-01-06,4.07,4.13,3.96,4.12,20057000
2020-01-07,4.13,4.3,4.13,4.17,43954000
2020-01-08,4.13,4.29,4.1,4.29,29872000
2020-01-09,4.28,4.28,4.22,4.27,18753000
2020-01-10,4.27,4.27,4.21,4.25,14405000
2020-01-14,4.26,4.38,4.24,4.38,43885000
2020-01-15,4.37,4.37,4.27,4.32,27371000
2020-01-16,4.3,4.33,4.24,4.31,31732000
2020-01-17,4.27,4.31,4.27,4.3,16088000
2020-01-20,4.31,4.42,4.23,4.42,54627000
2020-01-21,4.42,4.45,4.3,4.3,28664000
2020-01-22,4.27,4.34,4.24,4.27,22903000
2020-01-23,4.23,4.29,4.2,4.28,18405000
2020-01-24,4.28,4.3,4.26,4.28,10295000
2020-01-27,4.28,4.28,4.24,4.26,7916000
2020-01-28,4.26,4.26,4.13,4.15,26191000
2020-01-29,4.17,4.17,4.05,4.13,18981000
2020-01-30,4.13,4.23,4.1,4.14,44063000
2020-01-31,4.1,4.11,3.97,4.05,66500000
2020-02-03,4.04,4.04,3.83,3.83,23627000
2020-02-04,3.86,3.96,3.84,3.89,22376000
2020-02-05,3.95,4.06,3.9,4.06,19851000
2020-02-06,4.08,4.11,4.03,4.05,24823000
2020-02-07,4.03,4.07,3.98,4.07,20935000
2020-02-10,4.08,4.08,4.04,4.04,11346000
2020-02-11,4.05,4.05,3.98,4.0,15595000
2020-02-12,3.98,3.99,3.89,3.92,31470000
2020-02-13,3.92,3.94,3.72,3.75,40796000
2020-02-14,3.82,3.9,3.79,3.9,31468000
2020-02-17,3.9,3.99,3.9,3.98,8397000
2020-02-18,3.98,4.0,3.96,3.96,4917000
2020-02-19,3.95,4.06,3.95,4.03,20377000
2020-02-20,4.03,4.1,4.03,4.05,17566000
2020-02-21,4.07,4.1,3.8,3.8,39890000
2020-02-24,3.8,3.8,3.62,3.67,35335000
2020-02-26,3.6,3.6,3.41,3.45,40409000
2020-02-27,3.45,3.54,3.38,3.38,43444000
2020-02-28,3.3,3.45,3.22,3.4,60095000
2020-03-02,3.4,3.62,3.4,3.5,29400000
2020-03-03,3.6,3.64,3.52,3.52,27922000
2020-03-04,3.52,3.53,3.45,3.5,16816000
2020-03-05,3.53,3.59,3.44,3.46,26322000
2020-03-06,3.47,3.49,3.36,3.4,11155000
2020-03-09,3.3,3.35,3.19,3.2,46431000
2020-03-10,3.11,3.26,3.05,3.16,19975000
2020-03-11,3.19,3.26,3.11,3.2,25112000
2020-03-12,3.15,3.15,2.87,2.9,26424000
2020-03-13,2.75,2.9,2.52,2.88,37048000
2020-03-16,2.7,2.8,2.6,2.69,16725000
2020-03-19,2.43,2.46,2.0,2.21,31975000
2020-03-20,2.21,2.4,2.06,2.09,39344000
2020-03-23,2.06,2.09,1.86,1.89,45301000
2020-03-24,2.0,2.12,1.97,1.99,94454000
2020-03-25,2.11,2.18,2.06,2.15,80202000
2020-03-26,2.22,2.36,2.19,2.32,71974000
2020-03-27,2.46,2.52,2.32,2.39,77931000
2020-03-30,2.34,2.5,2.19,2.5,69077000
2020-03-31,2.45,2.59,2.45,2.5,55048000
2020-04-01,2.5,2.62,2.35,2.62,36475000
2020-04-02,2.55,2.63,2.5,2.63,32672000
2020-04-03,2.62,2.65,2.51,2.52,45854000
2020-04-06,2.58,2.6,2.54,2.58,87604000
2020-04-07,2.75,2.8,2.65,2.69,78743000
2020-04-08,2.69,2.72,2.6,2.72,42946000
2020-04-13,2.72,2.8,2.69,2.8,35175000
2020-04-14,2.8,2.89,2.78,2.89,39312000
2020-04-15,2.89,3.0,2.88,3.0,40948000
2020-04-16,2.85,2.9,2.7,2.7,52250000
2020-04-17,2.81,2.85,2.74,2.8,37531000
2020-04-20,2.82,2.84,2.73,2.82,15633000
2020-04-21,2.78,2.79,2.7,2.78,15547000
2020-04-22,2.71,2.72,2.65,2.72,13033000
2020-04-23,2.74,2.77,2.67,2.67,8556000
2020-04-24,2.68,2.71,2.59,2.59,24782000
2020-04-27,2.61,2.65,2.55,2.58,9439000
2020-04-28,2.58,2.64,2.52,2.56,23089000
2020-04-29,2.57,2.6,2.55,2.57,39505000
2020-04-30,2.63,2.66,2.58,2.58,20779000
2020-05-04,2.59,2.59,2.52,2.52,17162000
2020-05-05,2.56,2.63,2.56,2.59,8535000
2020-05-06,2.66,2.73,2.62,2.63,29682000
2020-05-07,2.68,2.68,2.55,2.63,13710000
2020-05-08,2.64,2.66,2.57,2.59,16177000
2020-05-11,2.59,2.61,2.57,2.58,12620000
2020-05-12,2.57,2.59,2.55,2.57,9879000
2020-05-13,2.57,2.58,2.53,2.57,8108000
2020-05-14,2.57,2.63,2.54,2.63,5565000
2020-05-15,2.63,2.63,2.56,2.56,4391000
2020-05-18,2.57,2.6,2.46,2.46,12679000
2020-05-19,2.52,2.58,2.49,2.57,16763000
2020-05-20,2.6,2.6,2.51,2.56,5924000
2020-05-21,2.54,2.65,2.54,2.64,15202000
2020-05-22,2.63,2.65,2.6,2.64,8459000
2020-05-26,2.65,2.67,2.54,2.59,9503000
2020-05-27,2.59,2.7,2.53,2.69,17040000
2020-05-28,2.69,2.75,2.62,2.75,16666000
2020-05-29,2.75,2.85,2.71,2.85,47672000
2020-06-01,2.82,2.95,2.78,2.95,23717000
2020-06-02,2.96,3.08,2.96,3.05,49998000
2020-06-03,3.08,3.2,3.08,3.19,46527000
2020-06-04,3.13,3.26,3.08,3.19,54093000
2020-06-05,3.19,3.23,3.11,3.18,16827000
2020-06-08,3.2,3.42,3.2,3.42,27195000
2020-06-09,3.45,3.45,3.26,3.3,36132000
2020-06-10,3.29,3.3,3.17,3.23,31108000
2020-06-11,3.2,3.39,3.1,3.39,50148000
2020-06-15,3.25,3.38,3.15,3.31,49662000
2020-06-16,3.3,3.39,3.25,3.31,20801000
2020-06-17,3.31,3.37,3.26,3.36,40984000
2020-06-18,3.36,3.36,3.29,3.34,8330000
2020-06-19,3.3,3.34,3.26,3.27,28090000
2020-06-22,3.25,3.27,3.16,3.2,18050000
2020-06-23,3.2,3.2,3.15,3.15,36725000
2020-06-24,3.16,3.19,3.06,3.06,22123000
2020-06-25,3.06,3.07,2.96,3.0,35684000
2020-06-26,3.04,3.12,3.01,3.01,23777000
2020-06-29,2.95,2.97,2.85,2.89,35670000
2020-06-30,2.97,3.09,2.93,3.05,27900000
2020-07-01,3.09,3.14,3.06,3.06,13387000
2020-07-02,3.08,3.15,3.06,3.13,24996000
2020-07-03,3.17,3.19,3.14,3.18,12411000
2020-07-06,3.19,3.27,3.14,3.26,24362000
2020-07-07,3.29,3.3,3.16,3.16,29039000
2020-07-08,3.18,3.18,3.02,3.09,20420000
2020-07-09,3.09,3.1,3.03,3.07,16564000
2020-07-10,3.07,3.14,3.01,3.14,12041000
2020-07-13,3.03,3.08,3.02,3.07,36826000
2020-07-14,3.03,3.08,3.02,3.05,19397000
2020-07-15,3.03,3.05,2.94,3.0,31898000
2020-07-16,3.01,3.16,3.0,3.16,12802000
2020-07-17,3.14,3.18,3.09,3.15,17197000
2020-07-20,3.19,3.19,3.12,3.12,8950000
2020-07-21,3.13,3.2,3.13,3.18,22355000
2020-07-22,3.2,3.24,3.15,3.2,23487000
2020-07-23,3.19,3.2,3.0,3.14,23094000
2020-07-24,3.07,3.13,3.05,3.07,6703000
2020-07-27,3.06,3.07,2.98,3.02,21166000
2020-07-28,3.01,3.04,2.95,3.01,11855000
2020-07-29,3.01,3.04,2.98,3.0,14357000
2020-07-30,3.0,3.04,2.98,3.0,5432000
2020-08-03,2.96,3.0,2.9,2.9,15260000
2020-08-04,2.9,2.99,2.9,2.99,23996000
2020-08-05,2.99,3.01,2.95,2.99,18690000
2020-08-06,3.0,3.02,2.96,2.99,6671000
2020-08-07,2.99,2.99,2.92,2.94,24321000
2020-08-10,2.94,3.02,2.94,3.0,4004000
2020-08-11,3.04,3.05,2.9,2.95,20312000
2020-08-12,2.97,3.0,2.96,2.98,11348000
2020-08-13,2.98,3.04,2.98,3.01,21422000
2020-08-14,3.04,3.07,2.97,2.97,21317000
2020-08-17,2.99,3.04,2.99,3.0,5854000
2020-08-18,3.01,3.03,2.98,3.0,27106000
2020-08-19,3.03,3.11,3.02,3.08,21742000
2020-08-20,3.1,3.1,3.04,3.07,3722000
2020-08-24,3.07,3.07,2.99,3.0,16064000
2020-08-25,2.99,3.02,2.95,3.01,9450000
2020-08-26,3.01,3.01,2.99,3.0,5425000
2020-08-27,2.99,3.04,2.98,3.01,3734000
2020-08-28,3.01,3.01,2.91,2.91,30808000
2020-09-01,2.93,2.95,2.88,2.88,22580000
2020-09-02,2.9,2.9,2.84,2.89,15065000
2020-09-03,2.92,2.92,2.84,2.88,7929000
2020-09-04,2.89,2.92,2.87,2.89,6471000
2020-09-07,2.89,3.0,2.87,2.96,20671000
2020-09-08,2.96,3.11,2.96,3.1,24300000
2020-09-09,3.08,3.09,3.01,3.06,14544000
2020-09-10,3.06,3.1,3.06,3.08,8137000
2020-09-11,3.06,3.08,3.05,3.07,4898000
2020-09-14,3.07,3.16,3.07,3.16,22190000
2020-09-15,3.17,3.2,3.13,3.19,21551000
2020-09-16,3.19,3.19,3.11,3.14,14693000
2020-09-17,3.14,3.14,3.07,3.1,10511000
2020-09-18,3.14,3.15,3.09,3.14,40660000
2020-09-21,3.13,3.15,3.07,3.1,14523000
2020-09-22,3.1,3.11,3.01,3.07,24394000
2020-09-23,3.07,3.1,2.99,2.99,31486000
2020-09-24,3.0,3.01,2.91,2.91,36781000
2020-09-25,2.93,2.97,2.91,2.93,24691000
2020-09-28,2.98,3.02,2.95,2.98,19652000
2020-09-29,2.98,3.01,2.95,3.01,11789000
2020-09-30,3.0,3.01,2.96,2.96,15598000
2020-10-01,2.99,2.99,2.91,2.94,12460000
2020-10-02,2.94,3.0,2.92,3.0,22505000
2020-10-05,3.01,3.01,2.94,2.94,16888000
2020-10-06,2.94,2.95,2.9,2.9,16070000
2020-10-07,2.92,2.94,2.88,2.89,19418000
2020-10-08,2.9,2.97,2.9,2.95,11148000
2020-10-09,2.99,2.99,2.92,2.95,7584000
2020-10-12,2.95,2.99,2.88,2.89,21864000
2020-10-13,2.9,2.95,2.9,2.92,9893000
2020-10-14,2.93,2.97,2.93,2.95,6944000
2020-10-15,2.94,2.98,2.91,2.98,11693000
2020-10-16,2.98,2.99,2.96,2.98,6058000
2020-10-19,2.99,3.02,2.98,3.01,11594000
2020-10-20,3.01,3.05,2.99,2.99,14297000
2020-10-21,3.01,3.12,3.01,3.1,61852000
2020-10-22,3.14,3.15,3.06,3.08,18180000
2020-10-23,3.11,3.15,3.09,3.14,28196000
2020-10-26,3.14,3.18,3.1,3.17,38605000
2020-10-27,3.16,3.16,3.08,3.1,20831000
2020-10-28,3.1,3.12,3.07,3.07,15251000
2020-10-29,3.04,3.06,3.01,3.03,20371000
2020-10-30,3.03,3.07,2.98,3.03,25528000
2020-11-03,3.03,3.04,2.98,2.99,21004000
2020-11-04,3.01,3.13,3.01,3.11,17788000
2020-11-05,3.12,3.25,3.1,3.25,48655000
2020-11-06,3.27,3.29,3.12,3.24,46072000
2020-11-09,3.24,3.26,3.2,3.25,17937000
2020-11-10,3.3,3.45,3.28,3.45,54959000
2020-11-11,3.43,3.64,3.37,3.63,91882000
2020-11-13,3.53,3.59,3.49,3.5,28858000
2020-11-16,3.55,3.63,3.5,3.6,37431000
2020-11-17,3.63,3.79,3.61,3.79,41612000
2020-11-18,3.78,3.89,3.73,3.89,39280000
2020-11-19,3.88,3.88,3.75,3.82,34701000
2020-11-20,3.84,3.95,3.78,3.95,51794000
2020-11-23,3.94,4.06,3.9,4.0,220367016
2020-11-24,4.0,4.01,3.8,3.9,38185000
2020-11-25,3.9,3.95,3.86,3.88,44480000
2020-11-26,3.87,3.87,3.71,3.8,31162000
2020-11-27,3.76,3.83,3.7,3.83,34894000
2020-12-01,3.88,3.9,3.78,3.9,16966000
2020-12-02,3.9,3.92,3.82,3.85,19239000
2020-12-03,3.87,3.99,3.85,3.96,58489000
2020-12-04,3.97,4.03,3.9,4.02,32867000
2020-12-07,4.02,4.04,3.93,3.98,14831000
2020-12-09,3.98,4.0,3.93,3.96,27480000
2020-12-10,3.94,4.0,3.93,3.94,18364000
2020-12-11,3.94,4.02,3.94,3.99,25924000
2020-12-14,4.02,4.15,4.02,4.12,56790000
2020-12-15,4.11,4.12,3.95,3.98,42567000
2020-12-16,4.0,4.1,4.0,4.1,23043000
2020-12-17,4.12,4.12,4.03,4.1,23133000
2020-12-18,4.08,4.09,4.02,4.05,13568000
2020-12-21,4.02,4.05,3.95,4.0,20521000
2020-12-22,3.96,4.04,3.85,4.04,27725000
2020-12-23,4.0,4.01,3.87,4.0,10651000
2020-12-28,3.95,3.98,3.89,3.96,11860000
2020-12-29,3.94,4.08,3.91,4.08,30936000
2021-01-04,4.07,4.18,4.0,4.18,36278000
2021-01-05,4.17,4.17,4.02,4.07,27131000
2021-01-06,4.06,4.1,3.91,4.04,19441000
2021-01-07,4.0,4.14,3.97,4.1,18831000
2021-01-08,4.1,4.29,4.05,4.29,49837000
2021-01-11,4.28,4.29,4.22,4.24,31172000
2021-01-12,4.23,4.23,4.09,4.14,27000000
2021-01-13,4.15,4.29,4.12,4.29,32442000
2021-01-14,4.21,4.3,4.18,4.3,27244000
2021-01-15,4.3,4.3,4.22,4.29,8888000
2021-01-18,4.2,4.28,4.18,4.28,16681000
2021-01-19,4.26,4.26,4.11,4.21,13196000
2021-01-20,4.21,4.21,4.0,4.13,14661000
2021-01-21,4.1,4.15,4.02,4.14,10578000
2021-01-22,4.1,4.11,3.98,4.02,21388000
2021-01-25,4.02,4.05,3.98,4.02,17731000
2021-01-26,4.0,4.01,3.75,3.8,34166000
2021-01-27,3.77,3.78,3.67,3.76,20081000
2021-01-28,3.67,3.89,3.67,3.85,14170000
2021-01-29,3.81,3.88,3.77,3.82,24249000
2021-02-01,3.78,3.88,3.7,3.88,19549000
2021-02-02,3.87,3.91,3.82,3.86,9449000
2021-02-03,3.9,3.93,3.9,3.92,13085000
2021-02-04,3.92,3.98,3.8,3.96,25407000
2021-02-05,3.96,4.0,3.92,3.99,16946000
2021-02-08,4.0,4.01,3.96,3.97,8428000
2021-02-09,3.98,4.01,3.88,3.88,19532000
2021-02-10,3.9,3.97,3.88,3.9,8916000
2021-02-11,3.91,3.92,3.8,3.8,13478000
2021-02-15,3.8,3.91,3.8,3.81,21400000
2021-02-16,3.82,3.9,3.82,3.9,25929000
2021-02-17,3.91,3.91,3.81,3.91,12952000
2021-02-18,3.83,3.91,3.81,3.9,11748000
2021-02-19,3.88,3.89,3.82,3.89,15228000
2021-02-22,3.89,3.89,3.79,3.79,24082000
2021-02-23,3.79,3.85,3.69,3.76,20846000
2021-02-24,3.76,3.79,3.68,3.7,10907000
2021-02-26,3.7,3.7,3.56,3.62,36720000
2021-03-01,3.68,3.77,3.68,3.75,14125000
2021-03-02,3.76,3.8,3.75,3.8,11205000
2021-03-03,3.8,3.8,3.7,3.71,6579000
2021-03-04,3.73,3.76,3.67,3.67,12174000
2021-03-05,3.7,3.75,3.67,3.73,7500000
2021-03-08,3.7,3.73,3.51,3.59,35527000
2021-03-09,3.59,3.61,3.5,3.59,11826000
2021-03-10,3.59,3.7,3.56,3.66,22099000
2021-03-11,3.66,3.67,3.57,3.61,8598000
2021-03-12,3.61,3.65,3.54,3.54,7463000
2021-03-15,3.53,3.53,3.35,3.35,21984000
2021-03-16,3.35,3.5,3.34,3.42,7873000
2021-03-17,3.42,3.49,3.42,3.48,11045000
2021-03-18,3.48,3.51,3.42,3.5,15617000
2021-03-19,3.5,3.5,3.46,3.46,17854000
2021-03-22,3.4,3.4,3.3,3.38,6571000
2021-03-23,3.37,3.51,3.37,3.5,9605000
2021-03-24,3.48,3.48,3.38,3.38,9025000
2021-03-25,3.4,3.47,3.39,3.45,26397000
2021-03-26,3.45,3.56,3.45,3.56,24833000
2021-03-29,3.49,3.68,3.45,3.67,17040000
2021-03-30,3.67,3.68,3.59,3.67,16975000
2021-03-31,3.67,3.67,3.56,3.58,15462000
2021-04-05,3.57,3.65,3.57,3.6,5177000
2021-04-06,3.63,3.65,3.6,3.65,14255000
2021-04-07,3.65,3.69,3.63,3.69,10375000
2021-04-08,3.69,3.7,3.63,3.65,11758000
2021-04-12,3.7,3.76,3.66,3.69,15334000
2021-04-13,3.69,3.72,3.6,3.6,26707000
2021-04-14,3.61,3.68,3.48,3.48,44057000
2021-04-15,3.5,3.5,3.35,3.35,67289000
2021-04-16,3.4,3.44,3.37,3.38,26724000
2021-04-19,3.39,3.43,3.23,3.23,78616000
2021-04-20,3.27,3.31,3.23,3.24,36462000
2021-04-21,3.25,3.31,3.2,3.2,55920000
2021-04-22,3.22,3.26,3.15,3.16,48554000
2021-04-23,3.2,3.21,3.12,3.12,29413000
2021-04-26,3.18,3.23,3.17,3.2,45525000
2021-04-27,3.21,3.23,3.13,3.13,48776000
2021-04-28,3.15,3.19,3.13,3.13,40487000
2021-04-29,3.15,3.2,3.13,3.14,51949000
2021-04-30,3.15,3.19,3.14,3.15,33305000
2021-05-03,3.16,3.18,3.14,3.14,39301000
2021-05-04,3.16,3.16,3.06,3.06,27135000
2021-05-05,3.06,3.12,3.0,3.0,52747000
2021-05-06,3.04,3.06,3.0,3.06,24949000
2021-05-07,3.07,3.1,3.01,3.01,21551000
2021-05-10,3.02,3.11,3.02,3.05,20327000
2021-05-11,3.07,3.09,2.98,2.98,45234000
2021-05-12,2.98,2.99,2.82,2.82,73262000
2021-05-14,2.8,2.81,2.6,2.6,145759016
2021-05-17,2.7,2.77,2.63,2.72,59579000
2021-05-18,2.78,2.87,2.75,2.83,52754000
2021-05-19,2.86,2.89,2.8,2.82,34913000
2021-05-20,2.85,2.92,2.82,2.88,34756000
2021-05-21,2.91,2.95,2.86,2.86,40171000
2021-05-24,2.83,2.84,2.7,2.7,102249000
2021-05-25,2.72,2.78,2.71,2.75,60882000
2021-05-26,2.75,2.89,2.75,2.81,111217000
2021-05-27,2.85,3.06,2.85,2.96,816728000
2021-05-28,3.07,3.18,3.03,3.13,119814000
2021-05-31,3.14,3.15,3.02,3.04,41164000
2021-06-01,3.04,3.11,3.01,3.08,21906000
2021-06-02,3.1,3.22,3.09,3.21,79260000
2021-06-03,3.23,3.23,3.16,3.21,45003000
2021-06-04,3.2,3.22,3.15,3.21,25811000
2021-06-07,3.2,3.2,3.13,3.13,45187000
2021-06-08,3.14,3.17,3.1,3.15,19109000
2021-06-09,3.16,3.25,3.15,3.2,55728000
2021-06-10,3.21,3.21,3.12,3.17,68710000
2021-06-11,3.18,3.23,3.18,3.21,49643000
2021-06-14,3.23,3.26,3.21,3.24,41203000
2021-06-15,3.26,3.29,3.24,3.28,26581000
2021-06-16,3.3,3.31,3.26,3.28,33319000
2021-06-17,3.29,3.29,3.19,3.19,33887000
2021-06-18,3.2,3.21,3.11,3.11,30226000
2021-06-21,3.11,3.12,3.02,3.07,28469000
2021-06-22,3.11,3.15,3.1,3.12,18897000
2021-06-23,3.15,3.16,3.13,3.16,14908000
2021-06-24,3.16,3.18,3.14,3.16,14110000
2021-06-25,3.15,3.24,3.15,3.24,28834000
2021-06-28,3.24,3.3,3.2,3.3,40266000
2021-06-29,3.3,3.3,3.26,3.26,34079000
2021-06-30,3.26,3.28,3.21,3.23,19344000
2021-07-01,3.23,3.3,3.23,3.25,35854000
2021-07-02,3.25,3.29,3.19,3.2,68395000
2021-07-05,3.22,3.27,3.22,3.26,16483000
2021-07-06,3.28,3.3,3.21,3.21,20381000
2021-07-07,3.22,3.25,3.2,3.21,28795000
2021-07-08,3.21,3.25,3.21,3.24,24433000
2021-07-09,3.23,3.23,3.13,3.15,37090000
2021-07-12,3.15,3.18,3.12,3.12,27315000
2021-07-13,3.13,3.17,3.05,3.05,46779000
2021-07-14,3.07,3.1,3.02,3.02,34177000
2021-07-15,3.03,3.08,3.03,3.04,6877000
2021-07-16,3.05,3.09,2.92,2.98,43525000
2021-07-19,2.96,3.07,2.84,3.0,42091000
2021-07-21,2.95,3.03,2.88,2.91,27027000
2021-07-22,2.91,3.05,2.91,3.02,10645000
2021-07-23,3.02,3.03,2.9,2.9,13468000
2021-07-26,2.91,2.92,2.85,2.9,10001000
2021-07-27,2.88,3.0,2.88,3.0,11928000
2021-07-28,2.99,3.0,2.85,2.89,31894000
2021-07-29,2.9,2.94,2.87,2.87,15264000
2021-07-30,2.9,2.93,2.77,2.77,35830000
2021-08-02,2.8,2.84,2.78,2.79,17812000
2021-08-03,2.81,2.87,2.75,2.78,20534000
2021-08-04,2.83,2.88,2.8,2.8,20470000
2021-08-05,2.82,2.84,2.71,2.71,69214000
2021-08-06,2.76,2.76,2.71,2.71,26745000
2021-08-09,2.71,2.83,2.71,2.82,12161000
2021-08-10,2.84,2.91,2.83,2.9,25838000
2021-08-11,2.9,2.92,2.84,2.89,25744000
2021-08-12,2.88,2.88,2.8,2.8,18562000
2021-08-13,2.81,2.85,2.75,2.8,18032000
2021-08-16,2.77,2.82,2.77,2.81,8455000
2021-08-17,2.84,2.87,2.81,2.81,18769000
2021-08-18,2.84,2.86,2.81,2.81,8865000
2021-08-19,2.82,2.86,2.82,2.85,9521000
2021-08-20,2.87,2.98,2.87,2.87,33858000
2021-08-23,2.87,2.95,2.86,2.91,7635000
2021-08-24,2.91,2.94,2.9,2.9,8622000
2021-08-25,2.9,2.94,2.9,2.94,6015000
2021-08-26,2.95,2.95,2.92,2.93,12528000
2021-08-27,2.93,2.98,2.88,2.93,16354000
2021-08-31,2.93,2.94,2.81,2.82,20577000
2021-09-01,2.9,2.9,2.85,2.85,9012000
2021-09-02,2.88,2.92,2.87,2.87,9974000
2021-09-03,2.92,2.92,2.84,2.84,18002000
2021-09-06,2.86,2.89,2.82,2.82,22459000
2021-09-07,2.84,2.9,2.82,2.9,24803000
2021-09-08,2.9,2.93,2.87,2.93,15611000
2021-09-09,2.93,3.0,2.9,2.98,52650000
2021-09-10,2.99,3.06,2.96,3.0,41224000
2021-09-13,3.0,3.04,2.95,2.95,17653000
2021-09-14,2.97,3.02,2.96,3.0,23651000
2021-09-15,3.0,3.0,2.93,2.95,20201000
2021-09-16,2.96,2.98,2.93,2.98,16872000
2021-09-17,2.98,2.98,2.92,2.92,33210000
2021-09-20,2.92,2.96,2.84,2.87,34381000
2021-09-21,2.83,2.89,2.81,2.85,22741000
2021-09-22,2.85,2.9,2.79,2.85,35429000
2021-09-23,2.84,2.85,2.82,2.83,25648000
2021-09-24,2.85,2.87,2.84,2.86,15265000
2021-09-27,2.86,2.86,2.8,2.83,33004000
2021-09-28,2.83,2.84,2.81,2.81,12488000
2021-09-29,2.8,2.84,2.77,2.84,28715000
2021-09-30,2.85,2.86,2.8,2.85,13976000
2021-10-01,2.85,2.94,2.83,2.9,18877000
2021-10-04,2.9,2.94,2.86,2.92,9528000
2021-10-05,2.92,2.93,2.88,2.91,6940000
2021-10-06,2.92,2.99,2.9,2.9,34486000
2021-10-07,2.91,2.96,2.88,2.9,15489000
2021-10-08,2.93,2.97,2.88,2.91,31047000
2021-10-11,2.91,3.06,2.9,3.02,36190000
2021-10-12,3.06,3.11,3.04,3.05,22178000
2021-10-13,3.07,3.11,3.0,3.05,20383000
2021-10-14,3.06,3.13,3.06,3.1,22223000
2021-10-15,3.13,3.15,3.09,3.11,19863000
2021-10-18,3.12,3.15,3.02,3.06,24603000
2021-10-19,3.07,3.19,3.07,3.19,39917000
2021-10-20,3.19,3.19,3.12,3.12,10014000
2021-10-21,3.17,3.17,3.07,3.14,30087000
2021-10-22,3.14,3.17,3.1,3.15,16994000
2021-10-25,3.15,3.15,3.06,3.06,22336000
2021-10-26,3.08,3.11,3.03,3.04,18055000
2021-10-27,3.04,3.09,3.04,3.09,11467000
2021-10-28,3.07,3.09,3.04,3.08,10241000
2021-10-29,3.08,3.19,3.06,3.07,29722000
2021-11-02,3.08,3.15,3.07,3.15,7447000
2021-11-03,3.14,3.17,3.12,3.15,12134000
2021-11-04,3.15,3.16,3.1,3.11,13654000
2021-11-05,3.12,3.16,3.09,3.16,19605000
2021-11-08,3.17,3.27,3.17,3.27,41229000
2021-11-09,3.28,3.42,3.28,3.38,67125000
2021-11-10,3.38,3.4,3.25,3.29,14910000
2021-11-11,3.3,3.3,3.23,3.26,9930000
2021-11-12,3.26,3.32,3.25,3.31,13103000
2021-11-15,3.36,3.38,3.31,3.33,13368000
2021-11-16,3.33,3.43,3.32,3.32,42604000
2021-11-17,3.38,3.4,3.35,3.38,9696000
2021-11-18,3.38,3.38,3.32,3.32,10180000
2021-11-19,3.32,3.32,3.23,3.3,13415000
2021-11-22,3.3,3.31,3.28,3.3,4975000
2021-11-23,3.3,3.3,3.25,3.28,12276000
2021-11-24,3.3,3.38,3.29,3.31,8021000
2021-11-25,3.31,3.35,3.28,3.3,11210000
2021-11-26,3.31,3.31,3.14,3.14,46935000
2021-11-29,3.07,3.14,2.91,3.14,42669000
2021-12-01,3.04,3.09,3.0,3.03,17672000
2021-12-02,2.99,3.1,2.99,3.0,25694000
2021-12-03,3.04,3.12,3.04,3.09,8115000
2021-12-06,3.09,3.15,3.09,3.15,9347000
2021-12-07,3.16,3.17,3.08,3.09,8451000
2021-12-09,3.12,3.2,3.12,3.16,27944000
2021-12-10,3.19,3.22,3.15,3.22,13428000
2021-12-13,3.22,3.22,3.16,3.2,16535000
2021-12-14,3.2,3.2,3.15,3.17,4838000
2021-12-15,3.15,3.16,3.01,3.04,51936000
2021-12-16,3.04,3.08,3.04,3.06,15541000
2021-12-17,3.06,3.12,3.05,3.12,14372000
2021-12-20,3.12,3.13,3.02,3.05,16577000
2021-12-21,3.05,3.09,3.04,3.09,3152000
2021-12-22,3.1,3.1,3.05,3.06,8061000
2021-12-23,3.09,3.3,3.08,3.18,52217000
2021-12-24,3.19,3.22,3.16,3.2,14503000
2021-12-27,3.18,3.18,3.12,3.14,6321000
2021-12-28,3.15,3.26,3.13,3.25,26241000
2021-12-29,3.23,3.4,3.19,3.33,89185000
2021-12-31,3.3,3.31,3.15,3.15,18249000
2022-01-03,3.18,3.2,3.1,3.16,14736000
2022-01-05,3.13,3.18,3.08,3.09,18703000
2022-01-06,3.07,3.15,3.07,3.11,7387000
2022-01-07,3.13,3.13,3.04,3.1,22100000
2022-01-10,3.09,3.14,3.04,3.14,36052000
2022-01-11,3.13,3.14,3.08,3.1,6373000
2022-01-12,3.1,3.14,3.07,3.14,9008000
2022-01-13,3.15,3.26,3.13,3.25,25273000
2022-01-14,3.24,3.25,3.17,3.2,8884000
2022-01-17,3.23,3.27,3.16,3.17,13114000
2022-01-18,3.18,3.22,3.16,3.19,4754000
2022-01-19,3.19,3.2,3.16,3.18,7048000
2022-01-20,3.2,3.21,3.16,3.2,8401000
2022-01-21,3.2,3.2,3.13,3.2,8215000
2022-01-24,3.2,3.2,3.14,3.15,8022000
2022-01-25,3.19,3.2,3.14,3.2,4344000
2022-01-26,3.2,3.2,3.12,3.16,10377000
2022-01-27,3.16,3.16,3.11,3.11,6925000
2022-01-28,3.11,3.14,3.06,3.07,14688000
2022-01-31,3.1,3.16,3.09,3.09,17220000
2022-02-02,3.12,3.22,3.12,3.17,17421000
2022-02-03,3.21,3.23,3.17,3.19,11755000
2022-02-04,3.2,3.25,3.17,3.23,16167000
2022-02-07,3.25,3.28,3.22,3.24,25068000
2022-02-08,3.23,3.26,3.19,3.19,8845000
2022-02-09,3.23,3.31,3.23,3.3,30368000
2022-02-10,3.33,3.34,3.26,3.32,20043000
2022-02-11,3.32,3.32,3.22,3.22,25256000
2022-02-14,3.22,3.27,3.17,3.23,6095000
2022-02-15,3.2,3.39,3.2,3.25,49386000
2022-02-16,3.33,3.36,3.3,3.36,23937000
2022-02-17,3.36,3.41,3.31,3.32,18370000
2022-02-18,3.3,3.37,3.3,3.33,20815000
2022-02-21,3.3,3.35,3.25,3.29,13631000
2022-02-22,3.3,3.33,3.26,3.3,26432000
2022-02-23,3.27,3.32,3.24,3.31,30148000
2022-02-24,3.31,3.34,3.1,3.24,67379000
2022-02-28,3.2,3.22,3.12,3.2,19969000
2022-03-01,3.18,3.29,3.18,3.26,18489000
2022-03-02,3.25,3.25,3.19,3.21,8275000
2022-03-03,3.2,3.21,3.15,3.18,17425000
2022-03-04,3.18,3.2,3.15,3.16,17754000
2022-03-07,3.15,3.15,3.09,3.12,15255000
2022-03-08,3.09,3.09,2.99,3.02,34733000
2022-03-09,3.01,3.11,3.01,3.1,20675000
2022-03-10,3.12,3.16,3.08,3.12,10446000
2022-03-11,3.12,3.12,3.05,3.07,9176000
2022-03-14,3.07,3.09,2.98,3.01,23977000
2022-03-15,3.0,3.03,2.9,3.01,16807000
2022-03-16,3.08,3.11,3.04,3.11,8526000
2022-03-17,3.1,3.14,3.1,3.11,7530000
2022-03-18,3.11,3.15,3.09,3.15,6390000
2022-03-21,3.11,3.14,3.05,3.05,7986000
2022-03-22,3.08,3.08,3.03,3.05,7837000
2022-03-23,3.06,3.11,3.04,3.05,2549000
2022-03-24,3.05,3.1,3.05,3.1,2757000
2022-03-25,3.1,3.1,3.05,3.05,7534000
2022-03-28,3.1,3.1,3.0,3.01,13100000
2022-03-29,3.04,3.07,2.99,3.0,17635000
2022-03-30,3.06,3.06,3.0,3.06,18429000
2022-03-31,3.05,3.05,3.01,3.01,24205000
2022-04-01,3.01,3.06,2.97,2.98,21523000
2022-04-04,3.0,3.03,2.99,3.01,6278000
2022-04-05,3.03,3.03,2.99,3.02,3148000
2022-04-06,3.02,3.02,2.99,3.0,13178000
2022-04-07,3.0,3.01,2.94,2.94,52900000
2022-04-08,2.94,2.99,2.93,2.95,19161000
2022-04-11,2.95,2.98,2.95,2.95,1741000
2022-04-12,2.95,2.96,2.9,2.9,16210000
2022-04-13,2.89,2.95,2.89,2.91,4326000
2022-04-18,2.91,2.95,2.91,2.93,2825000
2022-04-19,2.95,2.95,2.91,2.95,6443000
2022-04-20,2.95,2.98,2.94,2.98,7481000
2022-04-21,2.98,2.99,2.94,2.97,7010000
2022-04-22,2.97,2.98,2.93,2.95,3436000
2022-04-25,2.95,2.95,2.89,2.93,5482000
2022-04-26,2.93,2.94,2.9,2.91,3037000
2022-04-27,2.9,2.93,2.88,2.9,6583000
2022-04-28,2.9,2.9,2.85,2.85,9670000
2022-04-29,2.88,2.88,2.82,2.86,8109000
2022-05-02,2.85,2.85,2.78,2.79,9088000
2022-05-04,2.78,2.9,2.78,2.9,12779000
2022-05-05,2.9,2.9,2.86,2.87,8839000
2022-05-06,2.85,2.86,2.82,2.83,6995000
2022-05-10,2.81,2.86,2.7,2.85,26347000
2022-05-11,2.84,2.85,2.76,2.77,18697000
2022-05-12,2.79,2.81,2.72,2.75,6723000
2022-05-13,2.74,2.74,2.68,2.7,14604000
2022-05-16,2.7,2.75,2.7,2.72,4432000
2022-05-17,2.75,2.8,2.47,2.8,143658000
2022-05-18,2.71,2.8,2.69,2.8,87036000
2022-05-19,2.76,2.85,2.72,2.85,37918000
2022-05-20,2.84,2.85,2.79,2.85,10537000
2022-05-23,2.83,2.84,2.77,2.77,8792000
2022-05-24,2.77,2.8,2.74,2.77,2834000
2022-05-25,2.77,2.77,2.73,2.73,4678000
2022-05-26,2.73,2.77,2.71,2.74,4594000
2022-05-27,2.74,2.77,2.72,2.75,5427000
2022-05-30,2.81,2.82,2.77,2.81,5205000
2022-05-31,2.82,2.82,2.74,2.76,21278000
2022-06-01,2.77,2.81,2.77,2.78,3223000
2022-06-02,2.78,2.81,2.77,2.8,4829000
2022-06-03,2.79,2.81,2.76,2.77,8173000
2022-06-06,2.77,2.77,2.7,2.7,16100000
2022-06-07,2.71,2.74,2.7,2.72,2639000
2022-06-08,2.72,2.72,2.67,2.68,14647000
2022-06-09,2.7,2.7,2.66,2.69,5540000
2022-06-10,2.69,2.69,2.58,2.6,14565000
2022-06-13,2.61,2.61,2.5,2.52,10246000
2022-06-14,2.51,2.58,2.45,2.48,16951000
2022-06-15,2.5,2.51,2.4,2.41,16596000
2022-06-16,2.46,2.49,2.28,2.37,32743000
2022-06-17,2.37,2.37,2.26,2.26,16783000
2022-06-20,2.31,2.31,2.24,2.28,23433000
2022-06-21,2.3,2.37,2.3,2.32,29663000
2022-06-22,2.32,2.36,2.25,2.25,28858000
2022-06-23,2.28,2.29,2.15,2.17,37039000
2022-06-24,2.17,2.27,2.17,2.2,53342000
2022-06-27,2.25,2.34,2.24,2.28,35478000
2022-06-28,2.28,2.36,2.26,2.3,28157000
2022-06-29,2.33,2.37,2.28,2.28,35980000
2022-06-30,2.32,2.32,2.16,2.16,42834000
2022-07-01,2.19,2.19,2.07,2.08,69259000
2022-07-04,2.08,2.08,2.03,2.04,33481000
2022-07-05,2.06,2.15,2.06,2.14,18280000
2022-07-06,2.16,2.26,2.16,2.24,48124000
2022-07-07,2.25,2.31,2.23,2.28,27143000
2022-07-08,2.26,2.32,2.26,2.31,18395000
2022-07-11,2.31,2.31,2.24,2.26,9171000
2022-07-12,2.26,2.31,2.26,2.26,5256000
2022-07-13,2.29,2.29,2.17,2.18,9989000
2022-07-14,2.18,2.23,2.12,2.17,9145000
2022-07-15,2.18,2.22,2.16,2.18,5409000
2022-07-18,2.15,2.22,2.15,2.18,9857000
2022-07-19,2.21,2.25,2.19,2.23,10680000
2022-07-20,2.24,2.34,2.24,2.28,27014000
2022-07-21,2.33,2.39,2.25,2.25,38985000
2022-07-22,2.26,2.27,2.23,2.25,8488000
2022-07-25,2.24,2.26,2.21,2.26,4634000
2022-07-26,2.28,2.28,2.22,2.26,12451000
2022-07-27,2.27,2.27,2.23,2.25,4265000
2022-07-28,2.27,2.33,2.26,2.3,11092000
2022-07-29,2.3,2.33,2.26,2.26,5373000
2022-08-01,2.31,2.32,2.26,2.28,40787000
2022-08-02,2.3,2.35,2.3,2.32,12505000
2022-08-03,2.36,2.4,2.33,2.34,14840000
2022-08-04,2.36,2.39,2.33,2.34,6830000
2022-08-05,2.37,2.41,2.26,2.26,37016000
2022-08-08,2.29,2.33,2.23,2.23,9469000
2022-08-09,2.25,2.28,2.23,2.24,13063000
2022-08-10,2.26,2.34,2.26,2.3,5186000
2022-08-11,2.35,2.45,2.35,2.42,23193000
2022-08-12,2.42,2.49,2.42,2.45,21392000
2022-08-15,2.47,2.59,2.47,2.57,19611000
2022-08-16,2.59,2.62,2.53,2.55,24512000
2022-08-17,2.57,2.68,2.55,2.56,40480000
2022-08-18,2.5,2.61,2.5,2.58,13513000
2022-08-19,2.61,2.65,2.59,2.65,12671000
2022-08-22,2.66,2.66,2.53,2.57,13151000
2022-08-23,2.55,2.55,2.52,2.53,9782000
2022-08-24,2.55,2.6,2.54,2.58,15854000
2022-08-25,2.58,2.59,2.55,2.57,5604000
2022-08-26,2.57,2.6,2.54,2.59,6905000
2022-08-30,2.55,2.55,2.49,2.53,7081000
2022-08-31,2.54,2.59,2.5,2.5,14168000
2022-09-01,2.5,2.52,2.46,2.46,13328000
2022-09-02,2.46,2.51,2.46,2.48,7205000
2022-09-05,2.48,2.5,2.45,2.46,7262000
2022-09-06,2.46,2.51,2.46,2.5,6655000
2022-09-07,2.51,2.54,2.38,2.38,23063000
2022-09-08,2.4,2.41,2.31,2.35,13951000
2022-09-09,2.37,2.44,2.35,2.36,9294000
2022-09-12,2.39,2.46,2.39,2.46,4059000
2022-09-13,2.44,2.44,2.39,2.41,9288000
2022-09-14,2.37,2.37,2.3,2.31,26246000
2022-09-15,2.34,2.37,2.31,2.32,6383000
2022-09-16,2.32,2.32,2.26,2.28,36941000
2022-09-19,2.29,2.31,2.21,2.3,14975000
2022-09-20,2.32,2.32,2.24,2.26,9369000
2022-09-21,2.25,2.25,2.2,2.21,17543000
2022-09-22,2.2,2.21,2.16,2.17,17342000
2022-09-23,2.17,2.2,2.14,2.17,11086000
2022-09-27,2.17,2.17,2.07,2.08,14539000
2022-09-28,2.08,2.14,2.05,2.06,13339000
2022-09-29,2.1,2.13,2.08,2.11,9221000
2022-09-30,2.08,2.08,2.04,2.04,14363000
2022-10-03,2.03,2.06,2.01,2.05,7294000
2022-10-04,2.08,2.12,2.05,2.07,10842000
2022-10-05,2.1,2.13,2.02,2.06,5696000
2022-10-06,2.06,2.08,2.05,2.06,2489000
2022-10-07,2.06,2.06,2.01,2.03,6575000
2022-10-10,2.04,2.04,1.95,1.99,7682000
2022-10-11,1.99,2.04,1.98,2.0,3764000
2022-10-12,2.0,2.02,1.99,2.0,1820000
2022-10-13,2.0,2.04,1.98,2.04,2847000
2022-10-14,2.06,2.08,2.04,2.04,2540000
2022-10-17,2.05,2.07,2.02,2.03,3278000
2022-10-18,2.08,2.16,2.08,2.14,17255000
2022-10-19,2.17,2.17,2.1,2.1,2802000
2022-10-20,2.13,2.15,1.99,1.99,48666000
2022-10-21,2.04,2.05,2.02,2.03,6705000
2022-10-24,2.05,2.1,2.04,2.06,4954000
2022-10-25,2.08,2.08,2.05,2.05,9465000
2022-10-26,2.0,2.06,2.0,2.06,8300000
2022-10-27,2.08,2.12,2.05,2.09,10237000
2022-10-28,2.12,2.12,2.06,2.08,15978000
2022-11-02,2.08,2.14,2.08,2.13,13636000
2022-11-03,2.08,2.11,2.06,2.07,2795000
2022-11-04,2.09,2.1,2.05,2.06,14452000
2022-11-07,2.06,2.08,2.04,2.05,18122000
2022-11-08,2.05,2.08,2.04,2.05,5822000
2022-11-09,2.04,2.07,2.02,2.02,24287000
2022-11-10,2.04,2.06,2.03,2.06,5720000
2022-11-11,2.1,2.13,2.05,2.06,25164000
2022-11-14,2.08,2.14,2.08,2.12,16928000
2022-11-15,2.12,2.2,2.12,2.17,17746000
2022-11-16,2.2,2.23,2.18,2.19,4946000
2022-11-17,2.18,2.2,2.15,2.18,5746000
2022-11-18,2.17,2.29,2.16,2.26,34335000
2022-11-21,2.27,2.29,2.2,2.22,8862000
2022-11-22,2.25,2.28,2.25,2.26,8839000
2022-11-23,2.28,2.33,2.27,2.29,18566000
2022-11-24,2.3,2.32,2.25,2.27,9841000
2022-11-25,2.28,2.29,2.25,2.26,11875000
2022-11-28,2.26,2.33,2.26,2.32,13104000
2022-11-29,2.31,2.31,2.23,2.24,19848000
2022-12-01,2.25,2.32,2.24,2.24,15463000
2022-12-02,2.29,2.29,2.22,2.24,5106000
2022-12-05,2.25,2.29,2.25,2.28,3096000
2022-12-06,2.28,2.28,2.23,2.24,6400000
2022-12-07,2.24,2.29,2.24,2.28,19383000
2022-12-09,2.28,2.33,2.24,2.26,20290000
2022-12-12,2.27,2.28,2.24,2.24,13980000
2022-12-13,2.26,2.27,2.22,2.23,17712000
2022-12-14,2.24,2.27,2.15,2.18,19361000
2022-12-15,2.18,2.18,2.13,2.16,5606000
2022-12-16,2.15,2.21,2.1,2.12,26756000
2022-12-19,2.14,2.19,2.07,2.13,7930000
2022-12-20,2.15,2.15,2.07,2.09,4058000
2022-12-21,2.09,2.13,2.09,2.11,6152000
2022-12-22,2.13,2.14,2.11,2.13,4262000
2022-12-23,2.13,2.13,2.09,2.11,2553000
2022-12-27,2.11,2.17,2.1,2.12,5602000
2022-12-28,2.12,2.14,2.1,2.1,7904000
2022-12-29,2.13,2.15,2.0,2.0,20638000
2023-01-03,2.06,2.12,2.04,2.05,16069000
2023-01-04,2.05,2.1,2.05,2.07,47593000
2023-01-05,2.09,2.15,2.06,2.08,53812000
2023-01-06,2.11,2.11,2.07,2.07,26234000
2023-01-09,2.1,2.13,2.08,2.1,23465000
2023-01-10,2.1,2.12,2.07,2.07,21567000
2023-01-11,2.07,2.11,2.07,2.09,11176000
2023-01-12,2.09,2.18,2.09,2.15,41750000
2023-01-13,2.17,2.2,2.15,2.18,42119000
2023-01-16,2.2,2.22,2.11,2.16,49797000
2023-01-17,2.18,2.19,2.12,2.16,14515000
2023-01-18,2.16,2.17,2.14,2.16,10249000
2023-01-19,2.16,2.16,2.1,2.12,24273000
2023-01-20,2.12,2.13,2.1,2.13,12519000
2023-01-23,2.13,2.14,2.11,2.13,23739000
2023-01-24,2.14,2.26,2.11,2.23,64895000
2023-01-25,2.26,2.26,2.21,2.22,31361000
2023-01-26,2.23,2.3,2.22,2.25,39961000
2023-01-27,2.25,2.28,2.23,2.25,23521000
2023-01-30,2.2,2.21,2.11,2.12,148152000
2023-01-31,2.11,2.14,2.11,2.12,39319000
2023-02-01,2.15,2.23,2.15,2.21,72149000
2023-02-02,2.22,2.27,2.22,2.23,86590000
2023-02-03,2.24,2.31,2.22,2.26,494326031
2023-02-06,2.31,2.38,2.3,2.32,116381000
2023-02-07,2.33,2.35,2.3,2.3,23476000
2023-02-08,2.3,2.4,2.3,2.37,33654000
2023-02-09,2.38,2.4,2.31,2.31,23109000
2023-02-10,2.32,2.36,2.32,2.34,11634000
2023-02-13,2.34,2.39,2.32,2.34,18708000
2023-02-14,2.34,2.37,2.31,2.32,20862000
2023-02-15,2.31,2.31,2.24,2.26,32016000
2023-02-16,2.26,2.32,2.25,2.27,14453000
2023-02-17,2.27,2.27,2.21,2.22,26039000
2023-02-20,2.22,2.26,2.16,2.16,28604000
2023-02-21,2.2,2.2,2.15,2.15,24411000
2023-02-22,2.15,2.16,2.1,2.12,35176000
2023-02-23,2.13,2.15,2.05,2.06,63763000
2023-02-27,2.07,2.08,2.02,2.04,42758000
2023-02-28,2.08,2.1,2.02,2.02,65808000
2023-03-01,2.04,2.04,2.0,2.0,88466000
2023-03-02,2.02,2.06,1.98,1.98,125661000
2023-03-03,2.01,2.02,1.98,1.98,119057000
2023-03-06,2.01,2.08,2.0,2.05,61546000
2023-03-07,2.08,2.12,2.08,2.11,81844000
2023-03-08,2.08,2.08,2.03,2.04,71424000
2023-03-09,2.05,2.08,2.01,2.01,56431000
2023-03-10,1.98,2.02,1.96,2.01,55939000
2023-03-13,2.01,2.06,1.98,2.02,19445000
2023-03-14,2.02,2.02,1.93,1.96,73439000
2023-03-15,1.99,2.01,1.96,1.96,30602000
2023-03-16,1.97,1.97,1.91,1.92,40972000
2023-03-17,1.94,1.98,1.94,1.96,49981000
2023-03-20,1.98,2.0,1.92,2.0,32223000
2023-03-21,2.0,2.03,1.99,1.99,17820000
2023-03-22,2.03,2.05,2.02,2.05,13912000
2023-03-23,2.03,2.05,2.0,2.04,10887000
2023-03-24,2.04,2.07,2.03,2.07,16919000
2023-03-27,2.07,2.07,2.0,2.0,25675000
2023-03-28,2.01,2.04,2.01,2.01,8773000
2023-03-29,2.02,2.03,2.0,2.01,13702000
2023-03-30,2.02,2.04,2.0,2.0,20844000
2023-03-31,2.02,2.02,2.0,2.0,4840000
2023-04-03,2.01,2.02,2.0,2.02,8268000
2023-04-04,2.02,2.02,2.0,2.01,5076000
2023-04-05,2.02,2.03,2.01,2.01,5794000
2023-04-11,2.02,2.05,2.01,2.03,17671000
2023-04-12,2.02,2.04,2.01,2.02,11145000
2023-04-13,2.02,2.02,1.96,2.0,57278000
2023-04-14,2.01,2.01,1.98,1.99,6675000
2023-04-17,1.99,2.01,1.97,2.01,5732000
2023-04-18,2.0,2.01,1.99,2.0,5944000
2023-04-19,2.0,2.01,1.98,1.99,10661000
2023-04-20,1.99,2.0,1.98,1.98,13071000
2023-04-24,1.98,2.0,1.94,1.95,28300000
2023-04-25,1.95,1.99,1.95,1.98,16528000
2023-04-26,1.98,1.98,1.96,1.96,7806000
2023-04-27,1.96,1.97,1.95,1.96,5007000
2023-04-28,1.96,2.01,1.96,2.0,19759000
2023-05-02,2.0,2.04,1.99,2.02,14439000
2023-05-03,2.03,2.06,2.02,2.04,17869000
2023-05-04,2.03,2.05,2.0,2.01,18103000
2023-05-05,2.03,2.04,2.01,2.01,8697000
2023-05-08,2.03,2.04,1.97,1.99,27954000
2023-05-09,2.0,2.0,1.98,1.98,9221000
2023-05-10,2.0,2.01,1.98,2.0,29574000
2023-05-11,2.0,2.06,2.0,2.0,40331000
2023-05-12,2.04,2.04,1.98,1.99,14124000
2023-05-15,2.0,2.02,1.99,1.99,25647000
2023-05-16,1.99,2.01,1.99,2.01,4754000
2023-05-17,2.0,2.02,2.0,2.02,8264000
2023-05-18,2.03,2.09,2.02,2.09,66089000
2023-05-19,2.09,2.1,2.06,2.07,25067000
2023-05-22,2.07,2.09,2.04,2.08,19548000
2023-05-23,2.08,2.13,2.07,2.12,32094000
2023-05-24,2.1,2.13,2.09,2.11,7375000
2023-05-25,2.11,2.12,2.03,2.03,24986000
2023-05-26,2.04,2.06,2.03,2.06,14849000
2023-05-29,2.06,2.09,2.05,2.07,15075000
2023-05-30,2.07,2.07,2.02,2.02,11079000
2023-05-31,2.02,2.04,2.01,2.04,29679000
2023-06-01,2.02,2.04,1.99,1.99,14779000
2023-06-02,2.0,2.02,1.98,1.99,8190000
2023-06-05,2.01,2.04,2.0,2.02,5328000
2023-06-06,2.02,2.02,2.0,2.01,7908000
2023-06-07,2.0,2.02,1.99,2.0,21773000
2023-06-08,2.01,2.01,1.98,1.99,15168000
2023-06-09,1.99,2.01,1.99,1.99,12091000
2023-06-13,2.0,2.02,1.98,2.02,27268000
2023-06-14,2.02,2.02,1.98,1.98,24091000
2023-06-15,1.99,1.99,1.96,1.96,25062000
2023-06-16,1.95,1.97,1.94,1.96,30959000
2023-06-19,1.96,1.97,1.95,1.95,16708000
2023-06-20,1.96,1.96,1.94,1.94,33551000
2023-06-21,1.94,1.96,1.93,1.95,17050000
2023-06-22,1.95,1.96,1.93,1.95,15757000
2023-06-23,1.95,1.98,1.95,1.97,11607000
2023-06-26,1.98,2.0,1.96,1.99,10177000
2023-06-27,1.98,2.0,1.96,2.0,18112000
2023-06-29,2.0,2.01,1.96,1.96,22873000
2023-06-30,1.97,2.0,1.97,1.99,7009000
2023-07-03,1.99,2.0,1.97,1.99,8132000
2023-07-04,2.0,2.01,1.99,2.01,14303000
2023-07-05,2.01,2.01,1.98,2.0,14645000
2023-07-06,2.0,2.0,1.96,1.97,7730000
2023-07-07,1.97,1.99,1.96,1.98,3350000
2023-07-10,1.98,2.0,1.98,1.98,4537000
2023-07-11,1.98,2.01,1.98,2.01,12782000
2023-07-12,2.0,2.01,1.98,1.98,7073000
2023-07-13,2.0,2.02,2.0,2.0,11838000
2023-07-14,2.01,2.04,2.0,2.0,14232000
2023-07-17,2.0,2.03,2.0,2.02,2525000
2023-07-18,2.03,2.06,2.02,2.02,7631000
2023-07-19,2.04,2.04,2.02,2.02,2746000
2023-07-20,2.03,2.07,2.03,2.06,14248000
2023-07-21,2.07,2.09,2.06,2.08,16638000
2023-07-24,2.07,2.09,2.05,2.06,10436000
2023-07-25,2.06,2.08,2.05,2.08,4581000
2023-07-26,2.08,2.08,2.03,2.03,6357000
2023-07-27,2.04,2.06,2.03,2.03,6787000
2023-07-28,2.03,2.04,2.01,2.03,7588000
2023-07-31,2.03,2.06,2.03,2.05,7510000
2023-08-01,2.05,2.06,2.03,2.04,5893000
2023-08-02,2.04,2.05,2.02,2.02,9398000
2023-08-03,2.02,2.07,2.01,2.05,435896000
2023-08-04,2.05,2.07,2.04,2.04,9069000
2023-08-07,2.05,2.11,2.04,2.1,35590000
2023-08-08,2.12,2.14,2.09,2.11,18255000
2023-08-09,2.12,2.12,2.08,2.11,6942000
2023-08-10,2.11,2.11,2.05,2.05,9492000
2023-08-11,2.06,2.09,2.05,2.06,3637000
2023-08-14,2.06,2.06,2.0,2.01,21219000
2023-08-15,2.02,2.03,2.0,2.03,10530000
2023-08-16,2.03,2.04,2.02,2.03,2079000
2023-08-17,2.03,2.05,2.03,2.04,4948000
2023-08-18,2.04,2.05,2.03,2.05,7630000
2023-08-22,2.03,2.05,2.02,2.03,4788000
2023-08-23,2.03,2.04,2.02,2.03,2180000
2023-08-24,2.03,2.05,2.0,2.01,12420000
2023-08-25,2.01,2.02,2.0,2.0,4504000
2023-08-29,2.0,2.03,2.0,2.0,3665000
2023-08-30,2.01,2.02,2.0,2.0,3364000
2023-08-31,2.01,2.02,1.99,1.99,12396000
2023-09-01,1.99,2.01,1.99,2.01,1202000
2023-09-04,2.01,2.02,2.0,2.01,6125000
2023-09-05,2.02,2.06,2.01,2.06,9179000
2023-09-06,2.06,2.06,2.01,2.01,5253000
2023-09-07,2.01,2.05,2.0,2.01,7320000
2023-09-08,2.02,2.02,1.99,2.0,5229000
2023-09-11,2.01,2.02,2.0,2.01,2212000
2023-09-12,2.03,2.03,2.0,2.01,5307000
2023-09-13,2.01,2.02,2.0,2.01,2541000
2023-09-14,2.01,2.02,2.0,2.0,7066000
2023-09-15,2.0,2.02,1.99,1.99,14569000
2023-09-18,2.0,2.01,1.98,2.0,5957000
2023-09-19,2.0,2.0,1.98,1.98,6428000
2023-09-20,1.98,1.99,1.97,1.98,14045000
2023-09-21,1.99,2.0,1.98,1.99,5158000
2023-09-22,2.0,2.0,1.97,1.98,7114000
2023-09-25,1.99,2.0,1.98,2.0,3959000
2023-09-26,2.0,2.01,1.99,2.01,4495000
2023-09-27,2.01,2.03,2.0,2.02,8686000
2023-09-28,2.03,2.03,2.01,2.02,5473000
2023-09-29,2.02,2.03,2.0,2.02,5686000
2023-10-02,2.02,2.03,2.01,2.03,3540000
2023-10-03,2.03,2.03,2.01,2.02,1710000
2023-10-04,2.02,2.04,2.02,2.03,6413000
2023-10-05,2.02,2.04,2.02,2.03,5824000
2023-10-06,2.03,2.03,2.01,2.02,3419000
2023-10-09,2.02,2.03,2.01,2.03,10486000
2023-10-10,2.03,2.07,2.03,2.07,19482000
2023-10-11,2.08,2.1,2.04,2.04,39209000
2023-10-12,2.05,2.08,2.05,2.05,6707000
2023-10-13,2.06,2.08,2.05,2.06,7482000
2023-10-16,2.07,2.09,2.06,2.08,7394000
2023-10-17,2.07,2.09,2.07,2.08,5930000
2023-10-18,2.09,2.09,2.04,2.04,57305000
2023-10-19,2.06,2.06,2.01,2.02,11898000
2023-10-20,2.01,2.03,2.01,2.01,11213000
2023-10-23,2.01,2.02,2.0,2.0,8299000
2023-10-24,2.0,2.02,1.99,2.0,7524000
2023-10-25,2.0,2.03,2.0,2.01,6178000
2023-10-26,1.97,1.99,1.95,1.95,12965000
2023-10-27,1.96,1.97,1.94,1.96,6800000
2023-10-31,1.96,1.98,1.93,1.98,8353000
2023-11-03,1.98,1.99,1.96,1.98,2404000
2023-11-06,1.99,2.0,1.97,1.98,2793000
2023-11-07,1.98,1.99,1.97,1.97,2555000
2023-11-08,1.99,1.99,1.96,1.97,2264000
2023-11-09,1.97,2.02,1.97,1.99,10144000
2023-11-10,1.99,2.01,1.99,1.99,3806000
2023-11-13,2.01,2.02,1.99,2.0,4598000
2023-11-14,2.0,2.02,2.0,2.01,5329000
2023-11-15,2.03,2.03,2.01,2.02,4233000
2023-11-16,2.0,2.05,1.97,2.03,23434000
2023-11-17,2.01,2.07,2.0,2.07,21998000
2023-11-20,2.03,2.06,2.02,2.05,21614000
2023-11-21,2.02,2.06,2.02,2.06,13378000
2023-11-22,2.04,2.06,2.03,2.05,13200000
2023-11-23,2.05,2.06,2.02,2.03,9220000
2023-11-24,2.03,2.05,2.02,2.02,8609000
2023-11-28,2.02,2.05,2.02,2.05,11981000
2023-11-29,2.05,2.06,2.03,2.03,7373000
2023-11-30,2.03,2.06,2.01,2.06,46941000
2023-12-01,2.06,2.06,2.02,2.03,2273000
2023-12-04,2.03,2.05,2.02,2.03,11375000
2023-12-05,2.02,2.03,2.0,2.0,11267000
2023-12-06,2.0,2.02,1.97,1.98,7413000
2023-12-07,1.99,2.0,1.97,1.99,6173000
2023-12-11,2.0,2.0,1.97,1.98,3576000
2023-12-12,1.99,2.0,1.97,1.99,4228000
2023-12-13,1.99,1.99,1.97,1.98,3551000
2023-12-14,1.99,2.03,1.99,2.02,8606000
2023-12-15,2.01,2.02,1.95,1.95,37348000
2023-12-18,1.97,1.98,1.95,1.95,15436000
2023-12-19,1.95,1.97,1.94,1.95,12690000
2023-12-20,1.95,1.98,1.95,1.96,11107000
2023-12-21,1.96,1.97,1.94,1.95,8817000
2023-12-22,1.95,1.97,1.94,1.97,4441000
2023-12-27,1.96,1.97,1.95,1.95,6070000
2023-12-28,1.95,1.97,1.94,1.96,13928000
2023-12-29,1.96,1.98,1.95,1.97,11961000
2024-01-02,1.97,1.99,1.96,1.98,6779000
2024-01-03,1.98,1.99,1.97,1.98,5382000
2024-01-04,1.98,2.01,1.98,2.0,14143000
2024-01-05,2.01,2.03,2.0,2.03,13580000
2024-01-08,2.02,2.03,2.0,2.02,7115000
2024-01-09,2.02,2.03,2.01,2.02,13394000
2024-01-10,2.02,2.03,2.0,2.0,15206000
2024-01-11,2.01,2.01,1.99,2.0,7760000
2024-01-12,2.01,2.02,2.0,2.0,15913000
2024-01-15,2.01,2.02,1.98,2.0,10078000
2024-01-16,2.0,2.0,1.97,1.98,16631000
2024-01-17,1.98,1.99,1.96,1.96,24152000
2024-01-18,1.96,1.99,1.96,1.98,10783000
2024-01-19,1.98,1.99,1.98,1.99,7502000
2024-01-22,1.99,2.0,1.97,1.97,16416000
2024-01-23,1.97,1.98,1.97,1.97,10183000
2024-01-24,1.97,2.01,1.97,1.97,15298000
2024-01-25,1.98,1.99,1.97,1.97,11612000
2024-01-26,1.98,2.0,1.96,1.98,10660000
2024-01-29,1.98,1.98,1.95,1.95,14488000
2024-01-30,1.95,1.98,1.95,1.96,7819000
2024-01-31,1.97,1.98,1.96,1.96,7551000
2024-02-01,1.96,1.97,1.95,1.95,8829000
2024-02-02,1.96,1.98,1.95,1.97,15281000
2024-02-05,1.98,2.0,1.97,2.0,37005000
2024-02-06,2.0,2.02,1.98,2.0,10068000
2024-02-07,2.0,2.02,1.99,1.99,12584000
2024-02-08,1.99,2.02,1.99,2.01,7583000
2024-02-12,2.0,2.01,1.99,1.99,3400000
2024-02-13,2.0,2.0,1.96,1.97,15787000
2024-02-14,1.97,1.98,1.96,1.96,20927000
2024-02-15,1.97,1.99,1.97,1.97,8370000
2024-02-16,1.97,1.99,1.97,1.97,9136000
2024-02-19,1.97,1.98,1.95,1.96,11996000
2024-02-20,1.96,1.97,1.94,1.94,29357000
2024-02-21,1.94,1.97,1.94,1.95,8451000
2024-02-22,1.95,1.97,1.95,1.96,5585000
2024-02-23,1.96,1.97,1.95,1.95,7953000
2024-02-26,1.97,1.97,1.95,1.95,10173000
2024-02-27,1.95,1.96,1.93,1.93,18759000
2024-02-28,1.94,1.95,1.93,1.95,13773000
2024-02-29,1.95,1.96,1.93,1.93,23431000
2024-03-01,1.94,1.95,1.93,1.94,5013000
2024-03-04,1.94,1.97,1.93,1.94,42397000
2024-03-05,1.95,1.96,1.93,1.93,11117000
2024-03-06,1.94,1.95,1.93,1.93,17151000
2024-03-07,1.93,1.94,1.92,1.93,44092000
2024-03-08,1.94,1.95,1.93,1.93,7728000
2024-03-11,1.94,1.96,1.93,1.94,9043000
2024-03-12,1.94,1.96,1.93,1.94,5706000
2024-03-13,1.95,1.95,1.93,1.94,11998000
2024-03-14,1.94,1.95,1.93,1.93,2701000
2024-03-15,1.94,1.94,1.91,1.91,38290000
2024-03-18,1.93,1.93,1.91,1.92,4569000
2024-03-19,1.93,1.93,1.9,1.91,8515000
2024-03-20,1.91,1.93,1.9,1.92,7971000
2024-03-21,1.92,1.93,1.91,1.91,3742000
2024-03-22,1.91,1.93,1.9,1.91,4914000
2024-03-25,1.91,1.93,1.9,1.92,5079000
2024-03-26,1.92,1.92,1.9,1.92,10081000
2024-03-27,1.91,1.93,1.9,1.92,12262000
2024-04-01,1.93,1.93,1.9,1.91,4266000
2024-04-02,1.91,1.93,1.89,1.89,20674000
2024-04-03,1.89,1.9,1.88,1.88,12403000
2024-04-04,1.88,1.9,1.86,1.87,13731000
2024-04-05,1.87,1.88,1.85,1.85,16276000
2024-04-08,1.85,1.87,1.85,1.86,9708000
2024-04-11,1.87,1.87,1.85,1.85,9096000
2024-04-12,1.86,1.86,1.83,1.83,17032000
2024-04-15,1.83,1.84,1.78,1.78,20052000
2024-04-16,1.78,1.78,1.74,1.74,15483000
2024-04-17,1.74,1.78,1.74,1.74,6727000
2024-04-18,1.75,1.77,1.74,1.74,7337000
2024-04-19,1.75,1.76,1.73,1.73,8886000
2024-04-22,1.76,1.76,1.73,1.73,4015000
2024-04-23,1.75,1.84,1.74,1.82,5584000
2024-04-24,1.83,1.83,1.78,1.8,3904000
2024-04-25,1.81,1.82,1.79,1.79,4241000
2024-04-26,1.78,1.81,1.78,1.78,5299000
2024-04-29,1.8,1.83,1.78,1.82,5844000
2024-04-30,1.82,1.84,1.81,1.83,15344000
2024-05-02,1.83,1.83,1.77,1.78,8264000
2024-05-03,1.79,1.8,1.76,1.77,3952000
2024-05-06,1.77,1.79,1.74,1.74,14419000
2024-05-07,1.75,1.78,1.75,1.76,4897000
2024-05-08,1.76,1.77,1.73,1.74,13976000
2024-05-09,1.74,1.77,1.73,1.73,15312000
2024-05-10,1.76,1.77,1.75,1.76,5949000
2024-05-13,1.77,1.79,1.76,1.78,10333000
2024-05-14,1.78,1.81,1.78,1.79,11560000
2024-05-15,1.8,1.8,1.75,1.76,7187000
2024-05-16,1.76,1.81,1.76,1.8,16534000
2024-05-17,1.8,1.82,1.78,1.81,15064000
2024-05-20,1.82,1.92,1.82,1.9,26037000
2024-05-21,1.9,1.9,1.87,1.89,14219000
2024-05-22,1.89,1.89,1.85,1.86,11687000
2024-05-23,1.86,1.89,1.86,1.86,8578000
2024-05-24,1.86,1.87,1.85,1.85,10733000
2024-05-27,1.85,1.92,1.85,1.9,14822000
2024-05-28,1.9,1.9,1.87,1.89,8626000
2024-05-29,1.9,1.9,1.84,1.85,15306000
2024-05-30,1.85,1.85,1.82,1.82,7557000
2024-05-31,1.83,1.84,1.8,1.8,19524000
2024-06-03,1.82,1.84,1.81,1.81,2160000
2024-06-04,1.81,1.83,1.79,1.81,7596000
2024-06-05,1.8,1.82,1.78,1.78,9541000
2024-06-06,1.8,1.83,1.79,1.82,12811000
2024-06-07,1.83,1.86,1.82,1.84,10801000
2024-06-10,1.84,1.85,1.81,1.84,6606000
2024-06-11,1.84,1.87,1.79,1.79,12017000
2024-06-13,1.81,1.81,1.79,1.8,10792000
2024-06-14,1.8,1.82,1.79,1.8,8519000
2024-06-18,1.8,1.82,1.78,1.79,8874000
2024-06-19,1.79,1.81,1.78,1.79,9853000
2024-06-20,1.8,1.81,1.78,1.79,8987000
2024-06-21,1.79,1.82,1.78,1.81,14532000
2024-06-24,1.81,1.81,1.77,1.77,9841000
2024-06-25,1.78,1.8,1.77,1.77,2684000
2024-06-26,1.79,1.79,1.75,1.76,26915000
2024-06-27,1.76,1.76,1.72,1.72,37861000
2024-06-28,1.73,1.76,1.73,1.75,12854000
2024-07-01,1.76,1.78,1.75,1.77,11862000
2024-07-02,1.76,1.79,1.76,1.77,10349000
2024-07-03,1.78,1.79,1.76,1.78,12539000
2024-07-04,1.78,1.79,1.77,1.79,5475000
2024-07-05,1.79,1.84,1.79,1.82,9822000
2024-07-08,1.82,1.85,1.82,1.85,11415000
2024-07-09,1.85,1.86,1.83,1.84,11896000
2024-07-10,1.85,1.86,1.84,1.84,12660000
2024-07-11,1.85,1.86,1.84,1.85,15084000
2024-07-12,1.85,1.85,1.83,1.84,10164000
2024-07-15,1.85,1.88,1.84,1.86,24938000
2024-07-16,1.86,1.86,1.85,1.86,15694000
2024-07-17,1.86,1.88,1.86,1.87,10865000
2024-07-18,1.87,1.88,1.86,1.86,11055000
2024-07-19,1.87,1.88,1.86,1.88,18194000
2024-07-22,1.88,1.89,1.87,1.87,11311000
2024-07-23,1.86,1.86,1.82,1.84,15786000
2024-07-25,1.83,1.83,1.8,1.81,12662000
2024-07-26,1.8,1.83,1.8,1.81,10547000
2024-07-29,1.81,1.84,1.79,1.8,17662000
2024-07-30,1.8,1.82,1.78,1.8,12980000
2024-07-31,1.8,1.83,1.8,1.81,10716000
2024-08-01,1.81,1.85,1.81,1.84,12275000
2024-08-02,1.84,1.84,1.81,1.82,8790000
2024-08-05,1.82,1.82,1.76,1.78,12511000
2024-08-06,1.78,1.78,1.76,1.78,5127000
2024-08-07,1.76,1.77,1.76,1.77,6868000
2024-08-08,1.76,1.79,1.76,1.77,4266000
2024-08-09,1.78,1.79,1.76,1.77,8728000
2024-08-12,1.77,1.8,1.77,1.79,12276000
2024-08-13,1.79,1.81,1.79,1.79,13584000
2024-08-14,1.8,1.82,1.79,1.81,22972000
2024-08-15,1.82,1.84,1.81,1.82,14426000
2024-08-16,1.84,1.87,1.84,1.85,23095000
2024-08-19,1.85,1.89,1.85,1.88,12921000
2024-08-20,1.88,1.91,1.88,1.9,21397000
2024-08-21,1.9,1.93,1.89,1.93,19401000
2024-08-22,1.93,1.97,1.92,1.92,18829000
2024-08-27,1.92,1.93,1.9,1.91,26235000
2024-08-28,1.9,1.93,1.9,1.92,17568000
2024-08-29,1.93,1.93,1.91,1.91,11468000
2024-08-30,1.9,1.92,1.9,1.92,51536000
2024-09-02,1.92,1.94,1.91,1.92,11158000
2024-09-03,1.93,1.94,1.91,1.92,19758000
2024-09-04,1.9,1.91,1.88,1.9,22774000
2024-09-05,1.9,1.94,1.9,1.93,7170000
2024-09-06,1.93,1.95,1.92,1.94,12585000
2024-09-09,1.94,1.95,1.93,1.93,13993000
2024-09-10,1.94,1.96,1.93,1.95,16415000
2024-09-11,1.95,1.96,1.94,1.95,7048000
2024-09-12,1.95,1.97,1.95,1.95,11456000
2024-09-13,1.95,1.97,1.95,1.96,16087000
2024-09-16,1.96,1.97,1.95,1.96,10011000
2024-09-17,1.95,1.96,1.95,1.95,12769000
2024-09-18,1.95,1.97,1.95,1.96,15269000
2024-09-19,1.97,2.02,1.97,2.01,29950000
2024-09-20,2.03,2.08,2.03,2.05,56692000
2024-09-23,2.05,2.14,2.05,2.13,35982000
2024-09-24,2.14,2.2,2.09,2.1,54954000
2024-09-25,2.1,2.18,2.07,2.16,57417000
2024-09-26,2.15,2.19,2.14,2.17,26123000
2024-09-27,2.17,2.2,2.17,2.18,27865000
2024-09-30,2.15,2.18,2.15,2.15,12103000
2024-10-01,2.15,2.19,2.15,2.18,20661000
2024-10-02,2.18,2.2,2.18,2.18,15629000
2024-10-03,2.19,2.21,2.19,2.19,34371000
2024-10-04,2.19,2.22,2.19,2.21,18523000
2024-10-07,2.21,2.22,2.18,2.21,14300000
2024-10-08,2.21,2.25,2.18,2.21,23488000
2024-10-09,2.21,2.22,2.18,2.18,9278000
2024-10-10,2.17,2.21,2.17,2.19,9213000
2024-10-11,2.19,2.2,2.16,2.17,12800000
2024-10-14,2.17,2.21,2.17,2.2,9439000
2024-10-15,2.19,2.23,2.19,2.22,16887000
2024-10-16,2.21,2.24,2.21,2.24,24649000
2024-10-17,2.23,2.26,2.22,2.24,38417000
2024-10-18,2.22,2.32,2.21,2.31,85497000
2024-10-21,2.3,2.36,2.28,2.35,19495000
2024-10-22,2.35,2.36,2.32,2.34,34152000
2024-10-23,2.34,2.34,2.31,2.31,9174000
2024-10-24,2.31,2.34,2.3,2.32,13092000
2024-10-25,2.32,2.36,2.31,2.35,24843000
2024-10-28,2.34,2.36,2.34,2.35,28512000
2024-10-29,2.35,2.36,2.31,2.32,19221000
2024-10-30,2.31,2.32,2.28,2.3,12629000
2024-10-31,2.28,2.31,2.28,2.31,20505000
2024-11-04,2.29,2.3,2.21,2.21,20416000
2024-11-05,2.21,2.22,2.17,2.17,4292000
2024-11-06,2.17,2.19,2.11,2.13,16669000
2024-11-07,2.13,2.13,2.05,2.07,13074000
2024-11-08,2.13,2.13,2.08,2.1,1948000
2024-11-11,2.1,2.13,2.08,2.11,4163000
2024-11-12,2.12,2.15,2.11,2.15,13195000
2024-11-13,2.15,2.17,2.13,2.13,11256000
2024-11-14,2.13,2.13,2.07,2.08,11199000
2024-11-15,2.08,2.13,2.08,2.11,5009000
2024-11-18,2.11,2.19,2.1,2.17,8145000
2024-11-19,2.18,2.22,2.18,2.2,12695000
2024-11-20,2.2,2.23,2.2,2.2,11166000
2024-11-21,2.2,2.2,2.18,2.19,9397000
2024-11-22,2.19,2.19,2.12,2.13,15614000
2024-11-25,2.13,2.14,2.1,2.11,19427000
2024-11-26,2.11,2.12,2.08,2.09,14860000
2024-11-27,2.09,2.1,2.06,2.06,13519000
2024-11-28,2.06,2.06,2.02,2.03,16880000
2024-11-29,2.03,2.06,2.03,2.04,18278000
2024-12-02,2.04,2.06,2.01,2.05,11493000
2024-12-03,2.05,2.07,2.04,2.06,9192000
2024-12-04,2.07,2.13,2.06,2.12,12789000
2024-12-05,2.12,2.14,2.12,2.13,7552000
2024-12-06,2.14,2.16,2.12,2.16,10174000
2024-12-09,2.16,2.17,2.14,2.17,11633000
2024-12-10,2.17,2.17,2.13,2.15,11023000
2024-12-11,2.15,2.15,2.11,2.12,14130000
2024-12-12,2.12,2.14,2.11,2.12,10431000
2024-12-13,2.11,2.15,2.11,2.15,11576000
2024-12-16,2.15,2.15,2.12,2.15,13271000
2024-12-17,2.13,2.13,2.07,2.09,13608000
2024-12-18,2.08,2.1,2.08,2.09,11087000
2024-12-19,2.06,2.08,2.04,2.06,16539000
2024-12-20,2.05,2.05,2.0,2.0,44293000
2024-12-23,1.99,2.0,1.97,1.98,1715000
2024-12-26,1.98,2.07,1.98,2.06,12377000
2024-12-27,2.06,2.06,2.04,2.05,10290000
2025-01-02,2.02,2.02,1.99,2.0,6667000
2025-01-03,2.0,2.03,1.99,2.01,3594000
2025-01-06,2.02,2.03,1.97,1.97,7653000
2025-01-07,1.97,1.99,1.92,1.92,6643000
2025-01-08,1.94,1.97,1.93,1.93,3000000
2025-01-09,1.95,1.96,1.92,1.92,2761000
2025-01-10,1.92,1.94,1.87,1.88,8712000
2025-01-13,1.88,1.92,1.85,1.87,4741000
2025-01-14,1.85,1.88,1.83,1.88,5932000
2025-01-15,1.88,1.89,1.84,1.84,1440000
2025-01-16,1.84,1.88,1.84,1.85,1513000
2025-01-17,1.88,1.88,1.84,1.86,2186000
2025-01-20,1.86,1.87,1.83,1.83,1756000
2025-01-21,1.85,1.86,1.84,1.85,1159000
2025-01-22,1.85,1.87,1.83,1.83,3502000
2025-01-23,1.83,1.87,1.83,1.85,1665000
2025-01-24,1.84,1.86,1.83,1.86,938000
2025-01-27,1.86,1.87,1.83,1.84,1652000
2025-01-28,1.84,1.85,1.83,1.83,3164000
2025-01-30,1.83,1.84,1.79,1.79,7308000
2025-01-31,1.79,1.82,1.77,1.77,10776000
2025-02-03,1.77,1.8,1.75,1.75,5293000
2025-02-04,1.76,1.81,1.76,1.77,2849000
2025-02-05,1.8,1.85,1.78,1.82,4923000
2025-02-06,1.84,1.84,1.78,1.78,6189000
2025-02-07,1.79,1.8,1.78,1.78,2117000
2025-02-10,1.8,1.82,1.77,1.77,3838000
2025-02-11,1.78,1.8,1.76,1.77,3957000
2025-02-12,1.78,1.79,1.76,1.76,2715000
2025-02-13,1.77,1.77,1.75,1.75,4467000
2025-02-14,1.76,1.77,1.75,1.76,7725000
2025-02-17,1.76,1.77,1.75,1.75,4568000
2025-02-18,1.75,1.8,1.75,1.8,3099000
2025-02-19,1.8,1.8,1.76,1.76,3932000
2025-02-20,1.76,1.78,1.75,1.76,10017000
2025-02-21,1.79,1.79,1.76,1.78,2881000
2025-02-24,1.76,1.78,1.75,1.77,2772000
2025-02-25,1.75,1.76,1.74,1.75,5983000
2025-02-26,1.75,1.79,1.74,1.79,5606000
2025-02-27,1.78,1.78,1.76,1.76,7004000
2025-02-28,1.76,1.79,1.74,1.74,30205000
2025-03-03,1.74,1.76,1.74,1.74,3749000
2025-03-04,1.74,1.78,1.74,1.76,1818000
2025-03-05,1.78,1.8,1.75,1.8,2655000
2025-03-06,1.8,1.83,1.77,1.83,2130000
2025-03-07,1.83,1.83,1.75,1.75,8789000
2025-03-10,1.78,1.82,1.78,1.8,5123000
2025-03-11,1.8,1.82,1.77,1.8,5643000
2025-03-12,1.78,1.8,1.78,1.8,3806000
2025-03-13,1.8,1.8,1.77,1.78,3963000
2025-03-14,1.78,1.81,1.78,1.81,2660000
2025-03-17,1.81,1.81,1.79,1.81,2972000
2025-03-18,1.81,1.82,1.8,1.8,1641000
2025-03-19,1.82,1.83,1.81,1.81,2253000
2025-03-20,1.81,1.85,1.81,1.85,4208000
2025-03-21,1.84,1.88,1.84,1.86,6511000
2025-03-24,1.86,1.86,1.85,1.85,3332000
2025-03-25,1.85,1.87,1.81,1.81,7731000
2025-03-26,1.81,1.83,1.8,1.81,6867000
2025-03-27,1.83,1.83,1.76,1.77,9621000
2025-03-28,1.77,1.82,1.77,1.78,1515000
2025-03-31,1.82,1.84,1.78,1.79,4358000
2025-04-02,1.82,1.85,1.79,1.84,1713000
2025-04-03,1.84,1.85,1.82,1.83,1284000
2025-04-04,1.83,1.83,1.79,1.79,6917000
2025-04-07,1.79,1.79,1.72,1.74,7852000
2025-04-08,1.72,1.77,1.72,1.74,7312000
2025-04-10,1.75,1.81,1.74,1.8,12008000
2025-04-11,1.77,1.78,1.75,1.75,3341000
2025-04-14,1.78,1.81,1.76,1.81,3443000
2025-04-15,1.81,1.82,1.79,1.82,1320000
2025-04-16,1.82,1.82,1.78,1.78,1284000
2025-04-21,1.8,1.81,1.75,1.77,3533000
2025-04-22,1.76,1.8,1.75,1.8,3845000
2025-04-23,1.78,1.79,1.76,1.78,765000
2025-04-24,1.78,1.8,1.76,1.8,819000
2025-04-25,1.8,1.8,1.76,1.79,2339000
2025-04-28,1.79,1.8,1.78,1.79,1196000
2025-04-29,1.8,1.8,1.78,1.8,4620000
2025-04-30,1.8,1.81,1.78,1.78,2646000
